              precision    recall  f1-score   support

           0       1.00      1.00      1.00         6
           1       0.84      1.00      0.92        27
           2       1.00      0.71      0.83         7
           3       1.00      1.00      1.00         6
           4       0.83      0.83      0.83        12
           5       1.00      1.00      1.00         3
           6       1.00      1.00      1.00         6
           7       0.97      0.99      0.98        90
           8       0.86      1.00      0.92        12
           9       0.00      0.00      0.00         0
          10       1.00      0.96      0.98        28
          12       1.00      1.00      1.00         3
          13       1.00      0.85      0.92        39
          14       0.88      1.00      0.94        15
          16       1.00      0.83      0.91        12
          17       0.98      0.99      0.98       183
          18       1.00      0.97      0.98       122
          19       0.94      0.99      0.96       163
          20       1.00      1.00      1.00         3
          21       1.00      0.93      0.97        45
          22       0.95      1.00      0.98        61
          23       1.00      1.00      1.00        15
          24       0.79      0.85      0.81        13
          25       0.75      1.00      0.86         3
          27       1.00      0.67      0.80         9
          28       0.96      1.00      0.98        51
          29       1.00      1.00      1.00        28
          30       1.00      1.00      1.00        37
          31       1.00      1.00      1.00        86
          32       1.00      1.00      1.00       422
          34       1.00      1.00      1.00         9
          35       1.00      0.91      0.95       154
          37       1.00      0.97      0.98        31
          38       0.97      0.97      0.97       213
          39       1.00      1.00      1.00        99
          40       0.92      1.00      0.96        48
          41       1.00      1.00      1.00        11
          42       1.00      1.00      1.00         9
          43       1.00      1.00      1.00         6
          44       1.00      1.00      1.00         3
          45       0.96      0.93      0.95        84
          46       1.00      0.50      0.67         6
          47       0.78      1.00      0.87        31
          49       0.00      0.00      0.00         3
          51       1.00      0.67      0.80         3
          52       0.00      0.00      0.00         0
          53       0.96      1.00      0.98        24
          54       1.00      1.00      1.00        48
          55       1.00      1.00      1.00        15
          56       0.94      1.00      0.97        33
          57       1.00      0.95      0.97        41
          58       1.00      1.00      1.00         9
          59       0.94      0.94      0.94        17
          60       1.00      1.00      1.00        11
          61       0.99      1.00      1.00       105

    accuracy                           0.97      2520
   macro avg       0.91      0.90      0.90      2520
weighted avg       0.97      0.97      0.97      2520
