              precision    recall  f1-score   support

           0       0.86      1.00      0.92         6
           1       0.87      1.00      0.93        27
           2       1.00      0.71      0.83         7
           3       1.00      1.00      1.00         6
           4       0.83      0.83      0.83        12
           5       1.00      1.00      1.00         3
           6       1.00      1.00      1.00         6
           7       0.93      0.99      0.96        90
           8       0.63      1.00      0.77        12
           9       0.00      0.00      0.00         0
          10       1.00      0.79      0.88        28
          12       1.00      1.00      1.00         3
          13       1.00      0.85      0.92        39
          14       0.94      1.00      0.97        15
          16       1.00      0.83      0.91        12
          17       0.97      0.98      0.98       183
          18       1.00      0.97      0.98       122
          19       0.96      0.99      0.97       163
          20       1.00      1.00      1.00         3
          21       0.95      0.89      0.92        45
          22       0.91      1.00      0.95        61
          23       1.00      1.00      1.00        15
          24       0.85      0.85      0.85        13
          25       1.00      1.00      1.00         3
          27       1.00      0.56      0.71         9
          28       0.94      1.00      0.97        51
          29       1.00      0.96      0.98        28
          30       1.00      1.00      1.00        37
          31       1.00      1.00      1.00        86
          32       0.99      1.00      0.99       422
          34       0.90      1.00      0.95         9
          35       1.00      0.92      0.96       154
          37       1.00      0.97      0.98        31
          38       0.99      0.96      0.98       213
          39       1.00      1.00      1.00        99
          40       0.90      0.98      0.94        48
          41       1.00      1.00      1.00        11
          42       0.90      1.00      0.95         9
          43       1.00      0.83      0.91         6
          44       1.00      1.00      1.00         3
          45       0.95      0.92      0.93        84
          46       0.67      0.33      0.44         6
          47       0.78      1.00      0.87        31
          49       0.00      0.00      0.00         3
          51       1.00      1.00      1.00         3
          53       0.83      1.00      0.91        24
          54       0.96      1.00      0.98        48
          55       1.00      1.00      1.00        15
          56       0.75      1.00      0.86        33
          57       1.00      0.61      0.76        41
          58       1.00      1.00      1.00         9
          59       1.00      0.88      0.94        17
          60       1.00      1.00      1.00        11
          61       0.99      1.00      1.00       105

    accuracy                           0.96      2520
   macro avg       0.91      0.90      0.90      2520
weighted avg       0.96      0.96      0.96      2520
