              precision    recall  f1-score   support

           0       1.00      1.00      1.00         6
           1       0.90      1.00      0.95        27
           2       1.00      0.86      0.92         7
           3       1.00      1.00      1.00         6
           4       0.92      0.92      0.92        12
           5       0.75      1.00      0.86         3
           6       1.00      1.00      1.00         6
           7       1.00      0.96      0.98        90
           8       0.80      1.00      0.89        12
          10       1.00      0.89      0.94        28
          12       1.00      1.00      1.00         3
          13       1.00      0.90      0.95        39
          14       1.00      1.00      1.00        15
          16       1.00      0.83      0.91        12
          17       0.94      1.00      0.97       183
          18       0.98      0.98      0.98       122
          19       0.95      0.98      0.97       163
          20       1.00      1.00      1.00         3
          21       1.00      0.91      0.95        45
          22       0.90      1.00      0.95        61
          23       1.00      0.93      0.97        15
          24       0.71      0.77      0.74        13
          25       0.50      1.00      0.67         3
          27       1.00      0.44      0.62         9
          28       0.91      1.00      0.95        51
          29       1.00      1.00      1.00        28
          30       1.00      1.00      1.00        37
          31       1.00      1.00      1.00        86
          32       1.00      1.00      1.00       422
          34       0.82      1.00      0.90         9
          35       1.00      0.89      0.94       154
          37       1.00      0.97      0.98        31
          38       0.95      0.91      0.93       213
          39       1.00      0.98      0.99        99
          40       0.80      1.00      0.89        48
          41       1.00      1.00      1.00        11
          42       1.00      1.00      1.00         9
          43       1.00      1.00      1.00         6
          44       1.00      1.00      1.00         3
          45       0.96      0.93      0.95        84
          46       1.00      0.50      0.67         6
          47       0.78      1.00      0.87        31
          49       0.00      0.00      0.00         3
          50       0.00      0.00      0.00         0
          51       1.00      1.00      1.00         3
          53       0.86      1.00      0.92        24
          54       1.00      1.00      1.00        48
          55       1.00      0.93      0.97        15
          56       1.00      1.00      1.00        33
          57       1.00      0.95      0.97        41
          58       1.00      1.00      1.00         9
          59       1.00      0.88      0.94        17
          60       1.00      0.82      0.90        11
          61       0.96      1.00      0.98       105

    accuracy                           0.96      2520
   macro avg       0.91      0.91      0.90      2520
weighted avg       0.97      0.96      0.96      2520
