              precision    recall  f1-score   support

           0       0.75      1.00      0.86         6
           1       0.96      0.96      0.96        27
           2       1.00      0.43      0.60         7
           3       0.75      1.00      0.86         6
           4       0.79      0.92      0.85        12
           5       1.00      1.00      1.00         3
           6       1.00      0.67      0.80         6
           7       0.93      0.96      0.95        90
           8       0.75      1.00      0.86        12
          10       1.00      0.79      0.88        28
          12       1.00      1.00      1.00         3
          13       0.95      0.90      0.92        39
          14       0.83      1.00      0.91        15
          16       0.91      0.83      0.87        12
          17       0.97      0.99      0.98       183
          18       0.97      0.96      0.96       122
          19       0.91      0.99      0.95       163
          20       1.00      0.67      0.80         3
          21       1.00      0.93      0.97        45
          22       0.97      1.00      0.98        61
          23       1.00      0.60      0.75        15
          24       0.71      0.77      0.74        13
          25       1.00      1.00      1.00         3
          27       1.00      0.44      0.62         9
          28       0.93      1.00      0.96        51
          29       1.00      1.00      1.00        28
          30       1.00      1.00      1.00        37
          31       0.99      0.99      0.99        86
          32       1.00      1.00      1.00       422
          34       1.00      0.89      0.94         9
          35       0.99      0.80      0.88       154
          37       1.00      0.97      0.98        31
          38       0.93      0.96      0.94       213
          39       0.99      0.98      0.98        99
          40       0.90      0.98      0.94        48
          41       1.00      1.00      1.00        11
          42       0.90      1.00      0.95         9
          43       1.00      0.83      0.91         6
          44       0.75      1.00      0.86         3
          45       0.96      0.93      0.95        84
          46       0.00      0.00      0.00         6
          47       0.76      0.94      0.84        31
          49       0.50      0.67      0.57         3
          51       1.00      0.67      0.80         3
          53       0.89      1.00      0.94        24
          54       1.00      1.00      1.00        48
          55       1.00      1.00      1.00        15
          56       0.80      1.00      0.89        33
          57       1.00      0.83      0.91        41
          58       0.82      1.00      0.90         9
          59       0.88      0.88      0.88        17
          60       0.73      1.00      0.85        11
          61       0.94      0.97      0.95       105

    accuracy                           0.95      2520
   macro avg       0.90      0.89      0.88      2520
weighted avg       0.95      0.95      0.95      2520
