              precision    recall  f1-score   support

           0       1.00      1.00      1.00         6
           1       0.87      1.00      0.93        27
           2       1.00      0.57      0.73         7
           3       0.86      1.00      0.92         6
           4       0.77      0.83      0.80        12
           5       0.75      1.00      0.86         3
           6       0.86      1.00      0.92         6
           7       0.98      0.99      0.98        90
           8       0.86      1.00      0.92        12
           9       0.00      0.00      0.00         0
          10       0.97      1.00      0.98        28
          12       1.00      1.00      1.00         3
          13       1.00      0.82      0.90        39
          14       0.88      1.00      0.94        15
          16       1.00      0.83      0.91        12
          17       0.98      0.98      0.98       183
          18       1.00      0.96      0.98       122
          19       0.95      1.00      0.98       163
          20       0.67      0.67      0.67         3
          21       1.00      0.91      0.95        45
          22       1.00      1.00      1.00        61
          23       1.00      0.93      0.97        15
          24       0.79      0.85      0.81        13
          25       1.00      1.00      1.00         3
          27       1.00      0.67      0.80         9
          28       0.91      1.00      0.95        51
          29       1.00      1.00      1.00        28
          30       0.97      1.00      0.99        37
          31       1.00      0.99      0.99        86
          32       0.99      1.00      0.99       422
          34       0.82      1.00      0.90         9
          35       0.99      0.90      0.95       154
          37       0.97      1.00      0.98        31
          38       0.98      0.97      0.98       213
          39       0.98      1.00      0.99        99
          40       1.00      1.00      1.00        48
          41       1.00      1.00      1.00        11
          42       1.00      1.00      1.00         9
          43       1.00      1.00      1.00         6
          44       1.00      1.00      1.00         3
          45       0.94      0.92      0.93        84
          46       0.75      0.50      0.60         6
          47       0.84      1.00      0.91        31
          49       1.00      1.00      1.00         3
          51       0.00      0.00      0.00         3
          52       0.00      0.00      0.00         0
          53       0.92      1.00      0.96        24
          54       0.98      0.98      0.98        48
          55       0.94      1.00      0.97        15
          56       0.94      1.00      0.97        33
          57       1.00      0.73      0.85        41
          58       1.00      1.00      1.00         9
          59       0.63      1.00      0.77        17
          60       1.00      1.00      1.00        11
          61       1.00      1.00      1.00       105

    accuracy                           0.97      2520
   macro avg       0.89      0.89      0.88      2520
weighted avg       0.97      0.97      0.97      2520
