              precision    recall  f1-score   support

           0       1.00      1.00      1.00         6
           1       0.84      1.00      0.92        27
           2       1.00      1.00      1.00         7
           3       1.00      1.00      1.00         6
           4       1.00      0.83      0.91        12
           5       1.00      1.00      1.00         3
           6       1.00      0.83      0.91         6
           7       0.97      1.00      0.98        90
           8       0.92      1.00      0.96        12
          10       1.00      1.00      1.00        28
          12       1.00      1.00      1.00         3
          13       1.00      0.82      0.90        39
          14       1.00      1.00      1.00        15
          15       0.00      0.00      0.00         0
          16       1.00      1.00      1.00        12
          17       0.98      0.99      0.98       183
          18       0.99      0.97      0.98       122
          19       0.98      0.99      0.98       163
          20       1.00      1.00      1.00         3
          21       1.00      0.93      0.97        45
          22       0.92      1.00      0.96        61
          23       1.00      1.00      1.00        15
          24       0.67      0.77      0.71        13
          25       0.50      1.00      0.67         3
          27       0.75      0.67      0.71         9
          28       0.93      1.00      0.96        51
          29       1.00      1.00      1.00        28
          30       1.00      1.00      1.00        37
          31       1.00      1.00      1.00        86
          32       1.00      0.99      1.00       422
          34       0.75      1.00      0.86         9
          35       1.00      0.84      0.92       154
          37       1.00      0.97      0.98        31
          38       0.94      0.98      0.96       213
          39       0.99      0.97      0.98        99
          40       0.98      1.00      0.99        48
          41       1.00      1.00      1.00        11
          42       1.00      1.00      1.00         9
          43       1.00      1.00      1.00         6
          44       1.00      1.00      1.00         3
          45       0.96      0.92      0.94        84
          46       1.00      0.50      0.67         6
          47       0.78      1.00      0.87        31
          49       0.00      0.00      0.00         3
          51       0.67      0.67      0.67         3
          52       0.00      0.00      0.00         0
          53       0.96      1.00      0.98        24
          54       0.91      1.00      0.95        48
          55       1.00      0.93      0.97        15
          56       1.00      1.00      1.00        33
          57       1.00      1.00      1.00        41
          58       1.00      1.00      1.00         9
          59       1.00      0.94      0.97        17
          60       1.00      1.00      1.00        11
          61       1.00      1.00      1.00       105

    accuracy                           0.97      2520
   macro avg       0.90      0.90      0.89      2520
weighted avg       0.97      0.97      0.97      2520
